-1.0 0.3 100
0.3 2.6 7
-0.4 10.0 21
-11.0 -0.6 74

-0.6 0.5 94
-3.0 4.3 30
4.5 7.0 68
-1.0 12.0 55

-1.0 0.1 11
0.5 2.8 33
-0.5 2.0 26
-2.3 -1.8 6

-2.0 0.1 69
Обнаружена попытка деления на ноль
Обнаружена попытка деления на ноль
-4.0 -1.0 74

-10.0 0.1 25
-3.5 0.3 61
0.3 2.2 50
1.2 14.0 31
Обнаружена попытка деления на ноль

-1.4 0.7 2
-1.0 0.7 57
-2.5 1.7 45
-2.5 6.0 18

-2.7 0.1 64
-0.0 0 3.0
1.2 5.0 82
Обнаружена попытка деления на ноль

-0.5 0.7 62
0.5 2.0 12
Обнаружена попытка деления на ноль
Обнаружена попытка деления на ноль

-0.9 0.2 22
0.6 2.0 56
7.0 8.0 50
-2.0 -1.7 51

-1.6 0.1 5
-0.5 1.6 75
-7.0 -1.3 35
1.0 15.0 99

Обнаружена попытка деления на ноль
-1.0 1.5 72
-7.0 0.8 47
-11.0 -1.5 40

